0
2
3
1
1
1
1
1
2
3
2
1
2
3
1
2
3
1
3
3
1
3
3
1
2
3
450
683
771
883
673
773
88450
76781
66782
86783
76781
09994
2
1
2
3
1
2
3
1
2
3
4
=
=
0
2
3
1
2
3
1
2
3
2
1
1
2
3
4
=
=
0
1
2
3
2
4
=
=
0
1
450
671
763
873
873
683
773
881
094
1
2
3
4
=
0
1
2
3
4
55550
76781
66782
86783
76781
99994
550
683
771
883
673
773
094
1
2
3
1
3
4
=
=
=
0
1
1
1
1
2
2
2
2
4
=
0
2
3
2
3
1
2
3
2
3
1
3
2
3
1
2
3
4
=
=
=
0
2
3
1
2
3
2
3
1
2
3
2
4
=
=
0
2
3
1
2
3
2
4
550
683
771
883
673
773
994
55550
76781
66782
86783
76781
99994
550
683
771
883
673
773
094
3
1
2
3
2
3
1
2
3
2
3
4