41
41
41
41
41
=
=
=
4441
4441
41
41
41
41
41
41
41
41
41
41
441
441
=
=
441
441
41
41
41
41
41
41
41
41
441
441
=
=
=
9998
=
=
9998
=
=
=
9998
=
=
=
41
41
41
41
41
41
41
41
41
41
4441
41
41
41
41
41
41
41
41
41
41
41
41
41
41
41
41
41
41
4441
41
41
41
41
41
41
41
41
41
41
41
41
41
41
41
41
41
41
4441
41
41
41
41
41
41
41
41
41
41
41
41
41
41
41
4441
4441
4441
=
=
=
4441
41
41
41
41
41
41
41
41
41
41
41
41
41
41
41
41
41
41
4441
41
41
41
41
41
41
41
41
41
41
41
41
41
41
41
41
41
41
4441
41
41
41
41
41
41
41
41
41
41
41
=
9998
=
=
=
9998
=
=
=
9998
=
=
=
9998
=
=
=
9998
=
=
=
9998
=
=
=
9998
41
41
41
41
41
41
41
41
41
41
41
41
41
41
441
441
441
441
441
441
4441
4441
4441
4441
4441
4441
44441
44441
44441
44441
44441
44441
444441
444441
444441
444441
444441
444441
4444441
4444441
4444441
4444441
4444441
4444441
4444441
4444441
4444441
4444441
4444441
4444441